setup
do_turn
[(28, 19), 1]
do_turn
[(27, 19), 1]
do_turn
[(26, 19), 2, (28, 19), 0]
do_turn
[(26, 20), 3, (28, 19), 4]
do_turn
[(28, 18), 1, (27, 20), 4]
do_turn
[(27, 18), 2, (27, 19), 0, (28, 19), 0]
do_turn
[(28, 19), 1]
do_turn
[(27, 19), 1]
do_turn
[(26, 19), 2]
do_turn
[(26, 20), 0]
do_turn
[(26, 20), 1]
do_turn
[(25, 20), 2]
do_turn
[(25, 21), 3]
do_turn
[(26, 21), 1]
do_turn
[(25, 21), 0]
do_turn
[(25, 21), 4]
do_turn
[(25, 20), 2]
do_turn
[(25, 21), 0]
do_turn
[(25, 21), 4]
do_turn
[(25, 20), 0]
do_turn
[(25, 20), 4]
do_turn
[(25, 19), 2]
do_turn
[(25, 20), 4]
do_turn
[(25, 19), 0]
do_turn
[(25, 19), 2]
do_turn
[(25, 20), 1]
do_turn
[(24, 20), 4]
do_turn
[(24, 19), 3]
do_turn
[(25, 19), 4]
do_turn
[(25, 18), 0]
do_turn
[(25, 18), 1]
do_turn
[(24, 18), 1]
do_turn
[(23, 18), 0]
do_turn
[(23, 18), 4]
do_turn
[(23, 18), 3]
do_turn
[(24, 18), 1]
do_turn
[(23, 18), 0]
do_turn
[(23, 18), 0]
do_turn
[(23, 18), 2]
do_turn
[(23, 19), 1]
do_turn
[(23, 19), 0]
do_turn
[(23, 19), 4]
do_turn
[(23, 18), 2]
do_turn
[(23, 19), 3]
do_turn
[(24, 19), 3]
do_turn
[(25, 19), 4]
do_turn
[(25, 18), 3]
do_turn
[(26, 18), 4]
do_turn
[(26, 17), 3]
do_turn
[(27, 17), 3]
do_turn
[(28, 17), 2]
do_turn
[(28, 18), 3]
do_turn
[(29, 18), 0]
do_turn
[(29, 18), 2]
do_turn
[(29, 19), 1]
do_turn
[(28, 19), 2]
do_turn
[(28, 20), 2]
do_turn
[(28, 21), 1]
setup
do_turn
[(28, 19), 3]
do_turn
[(29, 19), 4]
do_turn
[(29, 18), 0]
do_turn
[(29, 18), 4]
do_turn
[(29, 17), 0]
do_turn
[(29, 17), 1, (28, 19), 2]
do_turn
[(28, 20), 4, (28, 17), 4, (28, 19), 4]
do_turn
[(28, 18), 3, (28, 19), 3, (28, 16), 0]
do_turn
[(29, 19), 3, (29, 18), 4, (28, 19), 4, (28, 16), 4]
do_turn
[(30, 19), 4, (28, 18), 1, (28, 15), 0, (29, 17), 4]
do_turn
[(27, 18), 4, (30, 18), 2, (28, 15), 4, (29, 16), 0]
do_turn
[(30, 19), 2, (27, 17), 1, (28, 14), 0, (29, 16), 0]
do_turn
[(29, 16), 0, (30, 20), 2, (28, 14), 1, (26, 17), 3]
do_turn
[(30, 21), 1, (27, 17), 4, (29, 16), 4, (27, 14), 1]
do_turn
[(27, 16), 1, (26, 14), 0, (29, 21), 1, (29, 15), 1]
do_turn
[(28, 21), 3, (26, 16), 4, (28, 15), 0, (26, 14), 3, (28, 19), 2]
do_turn
[(26, 15), 0, (28, 15), 0, (28, 20), 0, (29, 21), 0, (27, 14), 4]
do_turn
[(26, 15), 0, (28, 15), 0, (28, 20), 3, (29, 21), 3, (27, 13), 3]
do_turn
[(26, 15), 3, (28, 13), 0, (28, 15), 1, (29, 20), 1, (30, 21), 3]
do_turn
[(28, 13), 1, (31, 21), 4, (28, 20), 1]
do_turn
[(31, 20), 3, (27, 20), 4, (28, 19), 3, (27, 13), 3]
do_turn
[(28, 13), 4, (32, 20), 3, (27, 19), 3, (28, 19), 3, (29, 19), 1]
do_turn
[(28, 12), 3, (33, 20), 4, (28, 19), 1, (29, 19), 4]
do_turn
[(29, 18), 3, (27, 19), 3, (29, 12), 0, (33, 19), 4]
do_turn
[(33, 18), 1, (29, 12), 0, (30, 18), 0, (28, 19), 0]
do_turn
[(29, 12), 1, (30, 18), 2, (32, 18), 3, (28, 19), 0]
do_turn
[(30, 19), 3, (33, 18), 2, (28, 12), 4, (28, 19), 0]
do_turn
[(28, 11), 2, (31, 19), 3, (33, 19), 0, (28, 19), 2]
do_turn
[(32, 19), 0, (33, 19), 3, (28, 20), 0, (28, 12), 1]
do_turn
[(34, 19), 1, (32, 19), 4, (27, 12), 0, (28, 20), 4]
do_turn
[(27, 12), 1, (32, 18), 2, (33, 19), 1, (28, 19), 3]
do_turn
[(29, 19), 2, (28, 19), 0]
do_turn
[(29, 20), 3, (28, 19), 4]
do_turn
[(30, 20), 3, (28, 18), 2]
do_turn
[(31, 20), 1, (28, 19), 3]
do_turn
[(30, 20), 2, (29, 19), 0]
do_turn
[(30, 21), 3]
do_turn
[(31, 21), 1]
setup
do_turn
[(28, 19), 0]
do_turn
[(28, 19), 3]
do_turn
[(29, 19), 1]
do_turn
[(28, 19), 0]
do_turn
[(28, 19), 3]
do_turn
[(29, 19), 1]
do_turn
[(28, 19), 3]
do_turn
[(29, 19), 4]
do_turn
[(29, 18), 1]
do_turn
[(28, 18), 0]
do_turn
[(28, 18), 1, (28, 19), 1]
do_turn
[(28, 18), 4, (27, 19), 3]
do_turn
[(28, 17), 3, (28, 19), 4]
do_turn
[(28, 18), 2, (28, 19), 1, (29, 17), 1]
do_turn
[(28, 19), 1, (28, 17), 0, (27, 19), 0]
do_turn
[(28, 17), 1, (28, 19), 4]
do_turn
[(28, 18), 3, (27, 17), 0]
do_turn
[(27, 17), 1, (29, 18), 1]
do_turn
[(28, 18), 2, (26, 17), 3]
do_turn
[(27, 17), 2, (28, 19), 1]
do_turn
[(27, 18), 3, (27, 19), 3]
do_turn
[(28, 18), 2, (28, 19), 0]
setup
do_turn
[(28, 19), 0]
do_turn
[(28, 19), 4]
do_turn
[(28, 18), 4, (28, 19), 1]
do_turn
[(28, 17), 0, (27, 19), 3, (28, 19), 4]
do_turn
[(28, 18), 3, (28, 17), 0, (28, 19), 1]
do_turn
[(29, 18), 4, (28, 17), 1, (27, 19), 2, (28, 19), 0]
do_turn
[(29, 17), 0, (27, 17), 1, (27, 20), 3, (28, 19), 2]
do_turn
[(29, 17), 4, (26, 17), 4]
do_turn
[(26, 16), 2, (29, 16), 3]
do_turn
[(30, 16), 3, (26, 17), 3]
do_turn
[(27, 17), 0, (31, 16), 2, (28, 19), 3]
do_turn
[(27, 17), 0, (31, 17), 4, (29, 19), 4]
do_turn
[(31, 16), 1, (27, 17), 4, (29, 18), 2]
do_turn
[(27, 16), 1, (30, 16), 3, (29, 19), 0]
do_turn
[(26, 16), 4, (31, 16), 3, (29, 19), 4]
do_turn
[(26, 15), 1, (32, 16), 3, (29, 18), 2]
do_turn
[(33, 16), 2, (29, 19), 3, (25, 15), 4]
do_turn
[(30, 19), 2, (25, 14), 3, (33, 17), 3]
do_turn
[(30, 20), 1, (26, 14), 1, (34, 17), 0]
do_turn
[(29, 20), 2, (25, 14), 2, (34, 17), 3]
do_turn
[(35, 17), 2, (29, 21), 2, (25, 15), 4]
do_turn
[(29, 22), 3, (35, 18), 4, (25, 14), 3, (28, 19), 0]
do_turn
[(26, 14), 4, (35, 17), 4, (28, 19), 1, (30, 22), 0]
do_turn
[(35, 16), 0, (26, 13), 2, (27, 19), 1, (28, 19), 4, (30, 22), 2]
do_turn
[(35, 16), 4, (28, 18), 0, (26, 14), 2, (26, 19), 2, (30, 23), 1]
do_turn
[(26, 15), 1, (28, 18), 1, (29, 23), 0, (26, 20), 3, (35, 15), 2]
do_turn
[(27, 20), 0, (27, 18), 3, (29, 23), 4, (25, 15), 3, (35, 16), 3, (28, 19), 2]
do_turn
[(26, 15), 0, (28, 18), 0, (27, 20), 1, (36, 16), 0, (29, 22), 3, (28, 20), 2]
do_turn
[(26, 15), 3, (28, 18), 1, (26, 20), 4, (30, 22), 2, (28, 21), 2, (36, 16), 1, (28, 19), 0]
do_turn
[(27, 15), 1, (27, 18), 4, (30, 23), 4, (28, 22), 3, (35, 16), 1, (26, 19), 0, (28, 19), 4]
do_turn
[(26, 15), 1, (28, 18), 4, (34, 16), 3, (30, 22), 4, (29, 22), 4, (27, 17), 0, (26, 19), 2]
do_turn
[(28, 17), 2, (26, 20), 3, (30, 21), 4, (29, 21), 4, (27, 17), 1, (25, 15), 1, (35, 16), 1]
do_turn
[(28, 18), 3, (27, 20), 2, (34, 16), 2, (30, 20), 4, (29, 20), 2, (24, 15), 1, (26, 17), 0]
do_turn
[(29, 18), 0, (27, 21), 4, (29, 21), 1, (23, 15), 4, (26, 17), 2, (30, 19), 3, (34, 17), 0]
do_turn
[(29, 18), 1, (31, 19), 1, (28, 21), 4, (23, 14), 4, (27, 20), 1, (34, 17), 3, (26, 18), 1]
do_turn
[(28, 18), 3, (35, 17), 3, (26, 20), 3, (25, 18), 0, (28, 20), 4, (30, 19), 1, (23, 13), 2]
do_turn
[(29, 18), 1, (29, 19), 0, (25, 18), 1, (36, 17), 0, (23, 14), 4, (27, 20), 3, (28, 19), 0]
do_turn
[(28, 18), 0, (24, 18), 2, (29, 19), 2, (36, 17), 1, (28, 20), 4, (23, 13), 1, (28, 19), 3]
do_turn
[(28, 18), 4, (24, 19), 1, (22, 13), 2, (29, 19), 1, (29, 20), 1, (35, 17), 3, (28, 19), 1]
do_turn
[(23, 19), 3, (28, 17), 2, (36, 17), 3, (27, 19), 1, (22, 14), 0, (28, 20), 2, (28, 19), 1]
do_turn
[(28, 18), 0, (24, 19), 3, (37, 17), 3, (27, 19), 2, (22, 14), 4, (28, 21), 0, (26, 19), 0]
do_turn
[(28, 18), 3, (22, 13), 4, (25, 19), 1, (28, 21), 2, (27, 20), 3, (38, 17), 2, (26, 19), 4]
do_turn
[(24, 19), 2, (38, 18), 1, (22, 12), 0, (28, 22), 0, (29, 18), 2, (28, 20), 0, (28, 19), 1, (26, 18), 0]
do_turn
[(29, 19), 1, (37, 18), 3, (28, 22), 4, (27, 19), 2, (28, 20), 4, (24, 20), 2, (26, 18), 1]
do_turn
[(38, 18), 3, (25, 18), 3, (28, 21), 1, (27, 20), 0, (24, 21), 4]
do_turn
[(27, 21), 4, (39, 18), 4, (27, 20), 3, (24, 20), 4, (26, 18), 2]
do_turn
[(24, 19), 3, (39, 17), 2, (27, 20), 2, (28, 20), 4, (26, 19), 3]
do_turn
[(27, 21), 3, (25, 19), 0, (27, 19), 2, (39, 18), 3, (28, 19), 3]
do_turn
[(28, 21), 4, (25, 19), 4, (29, 19), 0, (40, 18), 3, (27, 20), 2]
do_turn
[(25, 18), 2, (27, 21), 3, (29, 19), 4, (41, 18), 4, (28, 20), 3]
do_turn
[(28, 21), 3, (29, 20), 3, (25, 19), 4, (41, 17), 0, (29, 18), 4]
do_turn
[(29, 17), 3, (25, 18), 0, (29, 21), 3, (41, 17), 3, (30, 20), 4]
do_turn
[(30, 21), 1, (25, 18), 2, (30, 17), 0, (30, 19), 2, (41, 17), 4]
do_turn
[(30, 20), 1, (25, 19), 0, (29, 21), 3, (30, 17), 3]
do_turn
[(30, 21), 0, (29, 20), 3, (25, 19), 2, (31, 17), 4]
do_turn
[(30, 21), 3, (30, 20), 1, (31, 16), 3, (25, 20), 2]
do_turn
[(29, 20), 1, (32, 16), 1, (25, 21), 2, (31, 21), 3]
do_turn
[(32, 21), 1, (31, 16), 0, (28, 20), 3, (25, 22), 2]
do_turn
[(29, 20), 3, (31, 16), 3, (31, 21), 2, (25, 23), 3]
do_turn
[(32, 16), 3, (30, 20), 2, (26, 23), 3, (31, 22), 3]
setup
do_turn
[(28, 19), 2]
do_turn
[(28, 20), 2]
do_turn
[(28, 21), 1, (28, 19), 1]
do_turn
[(27, 19), 4, (27, 21), 3]
do_turn
[(28, 21), 3, (27, 18), 2, (28, 19), 0]
do_turn
[(27, 19), 1, (28, 19), 4, (29, 21), 4]
do_turn
[(28, 18), 2, (29, 20), 2, (26, 19), 0]
do_turn
[(26, 19), 3, (29, 21), 2, (28, 19), 2]
do_turn
[(29, 22), 3, (28, 20), 1, (27, 19), 0, (28, 19), 2]
do_turn
[(28, 20), 3, (27, 20), 3, (27, 19), 0, (28, 19), 2, (30, 22), 0]
do_turn
[(29, 20), 2, (27, 19), 1, (30, 22), 1]
do_turn
[(29, 22), 2, (26, 19), 1, (29, 21), 4]
do_turn
[(29, 20), 4, (25, 19), 2, (29, 23), 2]
do_turn
[(29, 24), 1, (25, 20), 3, (29, 19), 4]
do_turn
[(28, 24), 3, (29, 18), 0, (26, 20), 1]
do_turn
[(29, 24), 1, (29, 18), 2, (25, 20), 4]
do_turn
[(29, 19), 4, (25, 19), 4, (28, 24), 4]
do_turn
[(25, 18), 4, (28, 23), 3, (29, 18), 0]
do_turn
[(29, 18), 2, (29, 23), 4, (25, 17), 0]
do_turn
[(29, 22), 1, (25, 17), 0, (29, 19), 3]
do_turn
[(25, 17), 4, (28, 22), 3, (30, 19), 1]
do_turn
[(25, 16), 4, (29, 19), 2, (29, 22), 2]
do_turn
[(29, 20), 2, (29, 23), 4, (25, 15), 1]
do_turn
[(29, 22), 0, (29, 21), 3]
do_turn
[(29, 22), 4, (30, 21), 0]
do_turn
[(30, 21), 1]
do_turn
[(29, 21), 1]
do_turn
[(28, 21), 1]
do_turn
[(27, 21), 2]
do_turn
[(27, 22), 3]
do_turn
[(28, 22), 3]
do_turn
[(29, 22), 3]
do_turn
[(30, 22), 2]
do_turn
[(30, 23), 0]
do_turn
[(30, 23), 2]
do_turn
[(30, 24), 0]
do_turn
[(30, 24), 1]
do_turn
[(29, 24), 0]
do_turn
[(29, 24), 1]
do_turn
[(28, 24), 1]
do_turn
[(27, 24), 2]
do_turn
[(27, 25), 0]
do_turn
[(27, 25), 3]
do_turn
[(28, 25), 2]
do_turn
[(28, 26), 3]
do_turn
[(29, 26), 1]
do_turn
[(28, 26), 2]
do_turn
[(28, 27), 0]
do_turn
[(28, 27), 3]
do_turn
[(29, 27), 4]
do_turn
[(29, 26), 4]
do_turn
[(29, 25), 4]
do_turn
[(29, 24), 3]
do_turn
[(30, 24), 1]
do_turn
[(29, 24), 3]
do_turn
[(30, 24), 4]
do_turn
[(30, 23), 3]
do_turn
[(31, 23), 3]
do_turn
[(32, 23), 4]
do_turn
[(32, 22), 3]
setup
do_turn
[(28, 19), 3]
do_turn
[(29, 19), 0]
do_turn
[(29, 19), 4]
do_turn
[(29, 18), 1]
do_turn
[(28, 18), 0]
do_turn
[(28, 18), 2, (28, 19), 4]
do_turn
[(28, 18), 1, (28, 19), 3]
do_turn
[(27, 18), 1, (29, 19), 4]
do_turn
[(29, 18), 1, (26, 18), 2]
do_turn
[(28, 18), 3, (26, 19), 2, (28, 19), 1]
do_turn
[(29, 18), 2, (26, 20), 1, (27, 19), 1]
do_turn
[(26, 19), 0, (25, 20), 1, (29, 19), 3]
do_turn
[(30, 19), 0, (26, 19), 2, (24, 20), 4]
do_turn
[(30, 19), 4, (24, 19), 4, (26, 20), 3]
do_turn
[(27, 20), 1, (24, 18), 2, (30, 18), 2, (28, 19), 1]
do_turn
[(26, 20), 4, (27, 19), 2, (30, 19), 0, (24, 19), 2]
do_turn
[(27, 20), 1, (30, 19), 4, (26, 19), 3, (24, 20), 3]
do_turn
[(26, 20), 3, (27, 19), 0, (25, 20), 3, (30, 18), 3]
do_turn
[(27, 20), 1, (26, 20), 1, (31, 18), 1, (27, 19), 2]
do_turn
[(27, 20), 4, (25, 20), 1, (30, 18), 0, (26, 20), 2]
do_turn
[(26, 21), 2, (27, 19), 1, (30, 18), 4, (24, 20), 1]
do_turn
[(26, 22), 1, (23, 20), 2, (30, 17), 1, (26, 19), 3]
do_turn
[(29, 17), 1, (27, 19), 3, (23, 20), 1, (25, 22), 0, (28, 19), 2]
do_turn
[(28, 17), 2, (23, 20), 1, (28, 20), 3, (25, 22), 2, (28, 19), 4]
do_turn
[(23, 20), 1, (29, 20), 2, (28, 19), 3, (25, 23), 4]
do_turn
[(23, 20), 4, (29, 19), 2, (25, 22), 0, (29, 21), 4, (28, 19), 4]
do_turn
[(28, 18), 0, (25, 22), 2, (28, 19), 3]
do_turn
[(28, 18), 1, (29, 19), 0, (25, 23), 0]
do_turn
[(29, 19), 2, (27, 18), 1, (25, 23), 2]
do_turn
[(25, 24), 2, (29, 20), 2, (26, 18), 0]
do_turn
[(25, 25), 1, (26, 18), 0, (29, 21), 2]
do_turn
[(29, 22), 0, (26, 18), 3]
do_turn
[(29, 22), 0, (27, 18), 0]
do_turn
[(29, 22), 2, (27, 18), 1]
do_turn
[(29, 23), 3, (26, 18), 3]
do_turn
[(30, 23), 3, (27, 18), 4, (28, 19), 3]
do_turn
[(27, 17), 4, (31, 23), 2, (29, 19), 3]
do_turn
[(27, 16), 0, (30, 19), 1, (31, 24), 1]
do_turn
[(27, 16), 0, (30, 24), 3, (29, 19), 4]
do_turn
[(27, 16), 0, (31, 24), 1, (29, 18), 1]
do_turn
[(27, 16), 4, (28, 18), 3, (30, 24), 1]
do_turn
[(27, 15), 1, (29, 18), 0, (29, 24), 3]
do_turn
[(26, 15), 2, (29, 18), 4, (30, 24), 0, (28, 19), 1]
do_turn
[(29, 17), 3, (27, 19), 2, (26, 16), 4, (30, 24), 2]
do_turn
[(26, 15), 1, (27, 20), 4, (30, 17), 2, (30, 25), 0]
do_turn
[(30, 25), 4, (27, 19), 0, (25, 15), 1, (30, 18), 1]
do_turn
[(29, 18), 0, (27, 19), 2, (30, 24), 2]
do_turn
[(27, 20), 2, (29, 18), 2, (30, 25), 1]
do_turn
[(29, 19), 0, (29, 25), 2, (27, 21), 0]
do_turn
[(29, 19), 4, (29, 26), 0, (27, 21), 2]
do_turn
[(29, 18), 3, (29, 26), 0, (27, 22), 3]
do_turn
[(28, 22), 4, (30, 18), 4, (29, 26), 2]
do_turn
[(28, 21), 4, (30, 17), 0, (29, 27), 0]
do_turn
[(30, 17), 4, (29, 27), 4]
do_turn
[(30, 16), 4, (29, 26), 0]
do_turn
[(30, 15), 1, (29, 26), 2]
do_turn
[(29, 15), 2, (29, 27), 1]
do_turn
[(28, 27), 0, (29, 16), 0]
do_turn
[(29, 16), 0, (28, 27), 0]
do_turn
[(28, 27), 2, (29, 16), 4]
